1,1,1,1,1996,1996-01-01
2,2,2,1,1996,1996-01-02
3,3,3,1,1996,1996-01-03
4,4,4,1,1996,1996-01-04
5,5,5,1,1996,1996-01-05
6,6,6,1,1996,1996-01-06
7,7,7,1,1996,1996-01-07
8,8,8,1,1996,1996-01-08
9,9,9,1,1996,1996-01-09
10,10,10,1,1996,1996-01-10
11,11,11,1,1996,1996-01-11
12,12,12,1,1996,1996-01-12
13,13,13,1,1996,1996-01-13
14,14,14,1,1996,1996-01-14
15,15,15,1,1996,1996-01-15
16,16,16,1,1996,1996-01-16
17,17,17,1,1996,1996-01-17
18,18,18,1,1996,1996-01-18
19,19,19,1,1996,1996-01-19
20,20,20,1,1996,1996-01-20
21,21,21,1,1996,1996-01-21
22,22,22,1,1996,1996-01-22
23,23,23,1,1996,1996-01-23
24,24,24,1,1996,1996-01-24
25,25,25,1,1996,1996-01-25
26,26,26,1,1996,1996-01-26
27,27,27,1,1996,1996-01-27
28,28,28,1,1996,1996-01-28
29,29,29,1,1996,1996-01-29
30,30,30,1,1996,1996-01-30
31,31,31,1,1996,1996-01-31
32,32,1,2,1996,1996-02-01
33,33,2,2,1996,1996-02-02
34,34,3,2,1996,1996-02-03
35,35,4,2,1996,1996-02-04
36,36,5,2,1996,1996-02-05
37,37,6,2,1996,1996-02-06
38,38,7,2,1996,1996-02-07
39,39,8,2,1996,1996-02-08
40,40,9,2,1996,1996-02-09
41,41,10,2,1996,1996-02-10
42,42,11,2,1996,1996-02-11
43,43,12,2,1996,1996-02-12
44,44,13,2,1996,1996-02-13
45,45,14,2,1996,1996-02-14
46,46,15,2,1996,1996-02-15
47,47,16,2,1996,1996-02-16
48,48,17,2,1996,1996-02-17
49,49,18,2,1996,1996-02-18
50,50,19,2,1996,1996-02-19
51,51,20,2,1996,1996-02-20
52,52,21,2,1996,1996-02-21
53,53,22,2,1996,1996-02-22
54,54,23,2,1996,1996-02-23
55,55,24,2,1996,1996-02-24
56,56,25,2,1996,1996-02-25
57,57,26,2,1996,1996-02-26
58,58,27,2,1996,1996-02-27
59,59,28,2,1996,1996-02-28
60,60,29,2,1996,1996-02-29
61,61,1,3,1996,1996-03-01
62,62,2,3,1996,1996-03-02
63,63,3,3,1996,1996-03-03
64,64,4,3,1996,1996-03-04
65,65,5,3,1996,1996-03-05
66,66,6,3,1996,1996-03-06
67,67,7,3,1996,1996-03-07
68,68,8,3,1996,1996-03-08
69,69,9,3,1996,1996-03-09
70,70,10,3,1996,1996-03-10
71,71,11,3,1996,1996-03-11
72,72,12,3,1996,1996-03-12
73,73,13,3,1996,1996-03-13
74,74,14,3,1996,1996-03-14
75,75,15,3,1996,1996-03-15
76,76,16,3,1996,1996-03-16
77,77,17,3,1996,1996-03-17
78,78,18,3,1996,1996-03-18
79,79,19,3,1996,1996-03-19
80,80,20,3,1996,1996-03-20
81,81,21,3,1996,1996-03-21
82,82,22,3,1996,1996-03-22
83,83,23,3,1996,1996-03-23
84,84,24,3,1996,1996-03-24
85,85,25,3,1996,1996-03-25
86,86,26,3,1996,1996-03-26
87,87,27,3,1996,1996-03-27
88,88,28,3,1996,1996-03-28
89,89,29,3,1996,1996-03-29
90,90,30,3,1996,1996-03-30
91,91,31,3,1996,1996-03-31
92,92,1,4,1996,1996-04-01
93,93,2,4,1996,1996-04-02
94,94,3,4,1996,1996-04-03
95,95,4,4,1996,1996-04-04
96,96,5,4,1996,1996-04-05
97,97,6,4,1996,1996-04-06
98,98,7,4,1996,1996-04-07
99,99,8,4,1996,1996-04-08
100,100,9,4,1996,1996-04-09
101,101,10,4,1996,1996-04-10
102,102,11,4,1996,1996-04-11
103,103,12,4,1996,1996-04-12
104,104,13,4,1996,1996-04-13
105,105,14,4,1996,1996-04-14
106,106,15,4,1996,1996-04-15
107,107,16,4,1996,1996-04-16
108,108,17,4,1996,1996-04-17
109,109,18,4,1996,1996-04-18
110,110,19,4,1996,1996-04-19
111,111,20,4,1996,1996-04-20
112,112,21,4,1996,1996-04-21
113,113,22,4,1996,1996-04-22
114,114,23,4,1996,1996-04-23
115,115,24,4,1996,1996-04-24
116,116,25,4,1996,1996-04-25
117,117,26,4,1996,1996-04-26
118,118,27,4,1996,1996-04-27
119,119,28,4,1996,1996-04-28
120,120,29,4,1996,1996-04-29
121,121,30,4,1996,1996-04-30
122,122,1,5,1996,1996-05-01
123,123,2,5,1996,1996-05-02
124,124,3,5,1996,1996-05-03
125,125,4,5,1996,1996-05-04
126,126,5,5,1996,1996-05-05
127,127,6,5,1996,1996-05-06
128,128,7,5,1996,1996-05-07
129,129,8,5,1996,1996-05-08
130,130,9,5,1996,1996-05-09
131,131,10,5,1996,1996-05-10
132,132,11,5,1996,1996-05-11
133,133,12,5,1996,1996-05-12
134,134,13,5,1996,1996-05-13
135,135,14,5,1996,1996-05-14
136,136,15,5,1996,1996-05-15
137,137,16,5,1996,1996-05-16
138,138,17,5,1996,1996-05-17
139,139,18,5,1996,1996-05-18
140,140,19,5,1996,1996-05-19
141,141,20,5,1996,1996-05-20
142,142,21,5,1996,1996-05-21
143,143,22,5,1996,1996-05-22
144,144,23,5,1996,1996-05-23
145,145,24,5,1996,1996-05-24
146,146,25,5,1996,1996-05-25
147,147,26,5,1996,1996-05-26
148,148,27,5,1996,1996-05-27
149,149,28,5,1996,1996-05-28
150,150,29,5,1996,1996-05-29
151,151,30,5,1996,1996-05-30
152,152,31,5,1996,1996-05-31
153,153,1,6,1996,1996-06-01
154,154,2,6,1996,1996-06-02
155,155,3,6,1996,1996-06-03
156,156,4,6,1996,1996-06-04
157,157,5,6,1996,1996-06-05
158,158,6,6,1996,1996-06-06
159,159,7,6,1996,1996-06-07
160,160,8,6,1996,1996-06-08
161,161,9,6,1996,1996-06-09
162,162,10,6,1996,1996-06-10
163,163,11,6,1996,1996-06-11
164,164,12,6,1996,1996-06-12
165,165,13,6,1996,1996-06-13
166,166,14,6,1996,1996-06-14
167,167,15,6,1996,1996-06-15
168,168,16,6,1996,1996-06-16
169,169,17,6,1996,1996-06-17
170,170,18,6,1996,1996-06-18
171,171,19,6,1996,1996-06-19
172,172,20,6,1996,1996-06-20
173,173,21,6,1996,1996-06-21
174,174,22,6,1996,1996-06-22
175,175,23,6,1996,1996-06-23
176,176,24,6,1996,1996-06-24
177,177,25,6,1996,1996-06-25
178,178,26,6,1996,1996-06-26
179,179,27,6,1996,1996-06-27
180,180,28,6,1996,1996-06-28
181,181,29,6,1996,1996-06-29
182,182,30,6,1996,1996-06-30
183,183,1,7,1996,1996-07-01
184,184,2,7,1996,1996-07-02
185,185,3,7,1996,1996-07-03
186,186,4,7,1996,1996-07-04
187,187,5,7,1996,1996-07-05
188,188,6,7,1996,1996-07-06
189,189,7,7,1996,1996-07-07
190,190,8,7,1996,1996-07-08
191,191,9,7,1996,1996-07-09
192,192,10,7,1996,1996-07-10
193,193,11,7,1996,1996-07-11
194,194,12,7,1996,1996-07-12
195,195,13,7,1996,1996-07-13
196,196,14,7,1996,1996-07-14
197,197,15,7,1996,1996-07-15
198,198,16,7,1996,1996-07-16
199,199,17,7,1996,1996-07-17
200,200,18,7,1996,1996-07-18
201,201,19,7,1996,1996-07-19
202,202,20,7,1996,1996-07-20
203,203,21,7,1996,1996-07-21
204,204,22,7,1996,1996-07-22
205,205,23,7,1996,1996-07-23
206,206,24,7,1996,1996-07-24
207,207,25,7,1996,1996-07-25
208,208,26,7,1996,1996-07-26
209,209,27,7,1996,1996-07-27
210,210,28,7,1996,1996-07-28
211,211,29,7,1996,1996-07-29
212,212,30,7,1996,1996-07-30
213,213,31,7,1996,1996-07-31
214,214,1,8,1996,1996-08-01
215,215,2,8,1996,1996-08-02
216,216,3,8,1996,1996-08-03
217,217,4,8,1996,1996-08-04
218,218,5,8,1996,1996-08-05
219,219,6,8,1996,1996-08-06
220,220,7,8,1996,1996-08-07
221,221,8,8,1996,1996-08-08
222,222,9,8,1996,1996-08-09
223,223,10,8,1996,1996-08-10
224,224,11,8,1996,1996-08-11
225,225,12,8,1996,1996-08-12
226,226,13,8,1996,1996-08-13
227,227,14,8,1996,1996-08-14
228,228,15,8,1996,1996-08-15
229,229,16,8,1996,1996-08-16
230,230,17,8,1996,1996-08-17
231,231,18,8,1996,1996-08-18
232,232,19,8,1996,1996-08-19
233,233,20,8,1996,1996-08-20
234,234,21,8,1996,1996-08-21
235,235,22,8,1996,1996-08-22
236,236,23,8,1996,1996-08-23
237,237,24,8,1996,1996-08-24
238,238,25,8,1996,1996-08-25
239,239,26,8,1996,1996-08-26
240,240,27,8,1996,1996-08-27
241,241,28,8,1996,1996-08-28
242,242,29,8,1996,1996-08-29
243,243,30,8,1996,1996-08-30
244,244,31,8,1996,1996-08-31
245,245,1,9,1996,1996-09-01
246,246,2,9,1996,1996-09-02
247,247,3,9,1996,1996-09-03
248,248,4,9,1996,1996-09-04
249,249,5,9,1996,1996-09-05
250,250,6,9,1996,1996-09-06
251,251,7,9,1996,1996-09-07
252,252,8,9,1996,1996-09-08
253,253,9,9,1996,1996-09-09
254,254,10,9,1996,1996-09-10
255,255,11,9,1996,1996-09-11
256,256,12,9,1996,1996-09-12
257,257,13,9,1996,1996-09-13
258,258,14,9,1996,1996-09-14
259,259,15,9,1996,1996-09-15
260,260,16,9,1996,1996-09-16
261,261,17,9,1996,1996-09-17
262,262,18,9,1996,1996-09-18
263,263,19,9,1996,1996-09-19
264,264,20,9,1996,1996-09-20
265,265,21,9,1996,1996-09-21
266,266,22,9,1996,1996-09-22
267,267,23,9,1996,1996-09-23
268,268,24,9,1996,1996-09-24
269,269,25,9,1996,1996-09-25
270,270,26,9,1996,1996-09-26
271,271,27,9,1996,1996-09-27
272,272,28,9,1996,1996-09-28
273,273,29,9,1996,1996-09-29
274,274,30,9,1996,1996-09-30
275,275,1,10,1996,1996-10-01
276,276,2,10,1996,1996-10-02
277,277,3,10,1996,1996-10-03
278,278,4,10,1996,1996-10-04
279,279,5,10,1996,1996-10-05
280,280,6,10,1996,1996-10-06
281,281,7,10,1996,1996-10-07
282,282,8,10,1996,1996-10-08
283,283,9,10,1996,1996-10-09
284,284,10,10,1996,1996-10-10
285,285,11,10,1996,1996-10-11
286,286,12,10,1996,1996-10-12
287,287,13,10,1996,1996-10-13
288,288,14,10,1996,1996-10-14
289,289,15,10,1996,1996-10-15
290,290,16,10,1996,1996-10-16
291,291,17,10,1996,1996-10-17
292,292,18,10,1996,1996-10-18
293,293,19,10,1996,1996-10-19
294,294,20,10,1996,1996-10-20
295,295,21,10,1996,1996-10-21
296,296,22,10,1996,1996-10-22
297,297,23,10,1996,1996-10-23
298,298,24,10,1996,1996-10-24
299,299,25,10,1996,1996-10-25
300,300,26,10,1996,1996-10-26
301,301,27,10,1996,1996-10-27
302,302,28,10,1996,1996-10-28
303,303,29,10,1996,1996-10-29
304,304,30,10,1996,1996-10-30
305,305,31,10,1996,1996-10-31
306,306,1,11,1996,1996-11-01
307,307,2,11,1996,1996-11-02
308,308,3,11,1996,1996-11-03
309,309,4,11,1996,1996-11-04
310,310,5,11,1996,1996-11-05
311,311,6,11,1996,1996-11-06
312,312,7,11,1996,1996-11-07
313,313,8,11,1996,1996-11-08
314,314,9,11,1996,1996-11-09
315,315,10,11,1996,1996-11-10
316,316,11,11,1996,1996-11-11
317,317,12,11,1996,1996-11-12
318,318,13,11,1996,1996-11-13
319,319,14,11,1996,1996-11-14
320,320,15,11,1996,1996-11-15
321,321,16,11,1996,1996-11-16
322,322,17,11,1996,1996-11-17
323,323,18,11,1996,1996-11-18
324,324,19,11,1996,1996-11-19
325,325,20,11,1996,1996-11-20
326,326,21,11,1996,1996-11-21
327,327,22,11,1996,1996-11-22
328,328,23,11,1996,1996-11-23
329,329,24,11,1996,1996-11-24
330,330,25,11,1996,1996-11-25
331,331,26,11,1996,1996-11-26
332,332,27,11,1996,1996-11-27
333,333,28,11,1996,1996-11-28
334,334,29,11,1996,1996-11-29
335,335,30,11,1996,1996-11-30
336,336,1,12,1996,1996-12-01
337,337,2,12,1996,1996-12-02
338,338,3,12,1996,1996-12-03
339,339,4,12,1996,1996-12-04
340,340,5,12,1996,1996-12-05
341,341,6,12,1996,1996-12-06
342,342,7,12,1996,1996-12-07
343,343,8,12,1996,1996-12-08
344,344,9,12,1996,1996-12-09
345,345,10,12,1996,1996-12-10
346,346,11,12,1996,1996-12-11
347,347,12,12,1996,1996-12-12
348,348,13,12,1996,1996-12-13
349,349,14,12,1996,1996-12-14
350,350,15,12,1996,1996-12-15
351,351,16,12,1996,1996-12-16
352,352,17,12,1996,1996-12-17
353,353,18,12,1996,1996-12-18
354,354,19,12,1996,1996-12-19
355,355,20,12,1996,1996-12-20
356,356,21,12,1996,1996-12-21
357,357,22,12,1996,1996-12-22
358,358,23,12,1996,1996-12-23
359,359,24,12,1996,1996-12-24
360,360,25,12,1996,1996-12-25
361,361,26,12,1996,1996-12-26
362,362,27,12,1996,1996-12-27
363,363,28,12,1996,1996-12-28
364,364,29,12,1996,1996-12-29
365,365,30,12,1996,1996-12-30
366,366,31,12,1996,1996-12-31
367,367,1,1,1997,1997-01-01
368,368,2,1,1997,1997-01-02
369,369,3,1,1997,1997-01-03
370,370,4,1,1997,1997-01-04
371,371,5,1,1997,1997-01-05
372,372,6,1,1997,1997-01-06
373,373,7,1,1997,1997-01-07
374,374,8,1,1997,1997-01-08
375,375,9,1,1997,1997-01-09
376,376,10,1,1997,1997-01-10
377,377,11,1,1997,1997-01-11
378,378,12,1,1997,1997-01-12
379,379,13,1,1997,1997-01-13
380,380,14,1,1997,1997-01-14
381,381,15,1,1997,1997-01-15
382,382,16,1,1997,1997-01-16
383,383,17,1,1997,1997-01-17
384,384,18,1,1997,1997-01-18
385,385,19,1,1997,1997-01-19
386,386,20,1,1997,1997-01-20
387,387,21,1,1997,1997-01-21
388,388,22,1,1997,1997-01-22
389,389,23,1,1997,1997-01-23
390,390,24,1,1997,1997-01-24
391,391,25,1,1997,1997-01-25
392,392,26,1,1997,1997-01-26
393,393,27,1,1997,1997-01-27
394,394,28,1,1997,1997-01-28
395,395,29,1,1997,1997-01-29
396,396,30,1,1997,1997-01-30
397,397,31,1,1997,1997-01-31
398,398,1,2,1997,1997-02-01
399,399,2,2,1997,1997-02-02
400,400,3,2,1997,1997-02-03
401,401,4,2,1997,1997-02-04
402,402,5,2,1997,1997-02-05
403,403,6,2,1997,1997-02-06
404,404,7,2,1997,1997-02-07
405,405,8,2,1997,1997-02-08
406,406,9,2,1997,1997-02-09
407,407,10,2,1997,1997-02-10
408,408,11,2,1997,1997-02-11
409,409,12,2,1997,1997-02-12
410,410,13,2,1997,1997-02-13
411,411,14,2,1997,1997-02-14
412,412,15,2,1997,1997-02-15
413,413,16,2,1997,1997-02-16
414,414,17,2,1997,1997-02-17
415,415,18,2,1997,1997-02-18
416,416,19,2,1997,1997-02-19
417,417,20,2,1997,1997-02-20
418,418,21,2,1997,1997-02-21
419,419,22,2,1997,1997-02-22
420,420,23,2,1997,1997-02-23
421,421,24,2,1997,1997-02-24
422,422,25,2,1997,1997-02-25
423,423,26,2,1997,1997-02-26
424,424,27,2,1997,1997-02-27
425,425,28,2,1997,1997-02-28
426,426,1,3,1997,1997-03-01
427,427,2,3,1997,1997-03-02
428,428,3,3,1997,1997-03-03
429,429,4,3,1997,1997-03-04
430,430,5,3,1997,1997-03-05
431,431,6,3,1997,1997-03-06
432,432,7,3,1997,1997-03-07
433,433,8,3,1997,1997-03-08
434,434,9,3,1997,1997-03-09
435,435,10,3,1997,1997-03-10
436,436,11,3,1997,1997-03-11
437,437,12,3,1997,1997-03-12
438,438,13,3,1997,1997-03-13
439,439,14,3,1997,1997-03-14
440,440,15,3,1997,1997-03-15
441,441,16,3,1997,1997-03-16
442,442,17,3,1997,1997-03-17
443,443,18,3,1997,1997-03-18
444,444,19,3,1997,1997-03-19
445,445,20,3,1997,1997-03-20
446,446,21,3,1997,1997-03-21
447,447,22,3,1997,1997-03-22
448,448,23,3,1997,1997-03-23
449,449,24,3,1997,1997-03-24
450,450,25,3,1997,1997-03-25
451,451,26,3,1997,1997-03-26
452,452,27,3,1997,1997-03-27
453,453,28,3,1997,1997-03-28
454,454,29,3,1997,1997-03-29
455,455,30,3,1997,1997-03-30
456,456,31,3,1997,1997-03-31
457,457,1,4,1997,1997-04-01
458,458,2,4,1997,1997-04-02
459,459,3,4,1997,1997-04-03
460,460,4,4,1997,1997-04-04
461,461,5,4,1997,1997-04-05
462,462,6,4,1997,1997-04-06
463,463,7,4,1997,1997-04-07
464,464,8,4,1997,1997-04-08
465,465,9,4,1997,1997-04-09
466,466,10,4,1997,1997-04-10
467,467,11,4,1997,1997-04-11
468,468,12,4,1997,1997-04-12
469,469,13,4,1997,1997-04-13
470,470,14,4,1997,1997-04-14
471,471,15,4,1997,1997-04-15
472,472,16,4,1997,1997-04-16
473,473,17,4,1997,1997-04-17
474,474,18,4,1997,1997-04-18
475,475,19,4,1997,1997-04-19
476,476,20,4,1997,1997-04-20
477,477,21,4,1997,1997-04-21
478,478,22,4,1997,1997-04-22
479,479,23,4,1997,1997-04-23
480,480,24,4,1997,1997-04-24
481,481,25,4,1997,1997-04-25
482,482,26,4,1997,1997-04-26
483,483,27,4,1997,1997-04-27
484,484,28,4,1997,1997-04-28
485,485,29,4,1997,1997-04-29
486,486,30,4,1997,1997-04-30
487,487,1,5,1997,1997-05-01
488,488,2,5,1997,1997-05-02
489,489,3,5,1997,1997-05-03
490,490,4,5,1997,1997-05-04
491,491,5,5,1997,1997-05-05
492,492,6,5,1997,1997-05-06
493,493,7,5,1997,1997-05-07
494,494,8,5,1997,1997-05-08
495,495,9,5,1997,1997-05-09
496,496,10,5,1997,1997-05-10
497,497,11,5,1997,1997-05-11
498,498,12,5,1997,1997-05-12
499,499,13,5,1997,1997-05-13
500,500,14,5,1997,1997-05-14
501,501,15,5,1997,1997-05-15
502,502,16,5,1997,1997-05-16
503,503,17,5,1997,1997-05-17
504,504,18,5,1997,1997-05-18
505,505,19,5,1997,1997-05-19
506,506,20,5,1997,1997-05-20
507,507,21,5,1997,1997-05-21
508,508,22,5,1997,1997-05-22
509,509,23,5,1997,1997-05-23
510,510,24,5,1997,1997-05-24
511,511,25,5,1997,1997-05-25
512,512,26,5,1997,1997-05-26
513,513,27,5,1997,1997-05-27
514,514,28,5,1997,1997-05-28
515,515,29,5,1997,1997-05-29
516,516,30,5,1997,1997-05-30
517,517,31,5,1997,1997-05-31
518,518,1,6,1997,1997-06-01
519,519,2,6,1997,1997-06-02
520,520,3,6,1997,1997-06-03
521,521,4,6,1997,1997-06-04
522,522,5,6,1997,1997-06-05
523,523,6,6,1997,1997-06-06
524,524,7,6,1997,1997-06-07
525,525,8,6,1997,1997-06-08
526,526,9,6,1997,1997-06-09
527,527,10,6,1997,1997-06-10
528,528,11,6,1997,1997-06-11
529,529,12,6,1997,1997-06-12
530,530,13,6,1997,1997-06-13
531,531,14,6,1997,1997-06-14
532,532,15,6,1997,1997-06-15
533,533,16,6,1997,1997-06-16
534,534,17,6,1997,1997-06-17
535,535,18,6,1997,1997-06-18
536,536,19,6,1997,1997-06-19
537,537,20,6,1997,1997-06-20
538,538,21,6,1997,1997-06-21
539,539,22,6,1997,1997-06-22
540,540,23,6,1997,1997-06-23
541,541,24,6,1997,1997-06-24
542,542,25,6,1997,1997-06-25
543,543,26,6,1997,1997-06-26
544,544,27,6,1997,1997-06-27
545,545,28,6,1997,1997-06-28
546,546,29,6,1997,1997-06-29
547,547,30,6,1997,1997-06-30
548,548,1,7,1997,1997-07-01
549,549,2,7,1997,1997-07-02
550,550,3,7,1997,1997-07-03
551,551,4,7,1997,1997-07-04
552,552,5,7,1997,1997-07-05
553,553,6,7,1997,1997-07-06
554,554,7,7,1997,1997-07-07
555,555,8,7,1997,1997-07-08
556,556,9,7,1997,1997-07-09
557,557,10,7,1997,1997-07-10
558,558,11,7,1997,1997-07-11
559,559,12,7,1997,1997-07-12
560,560,13,7,1997,1997-07-13
561,561,14,7,1997,1997-07-14
562,562,15,7,1997,1997-07-15
563,563,16,7,1997,1997-07-16
564,564,17,7,1997,1997-07-17
565,565,18,7,1997,1997-07-18
566,566,19,7,1997,1997-07-19
567,567,20,7,1997,1997-07-20
568,568,21,7,1997,1997-07-21
569,569,22,7,1997,1997-07-22
570,570,23,7,1997,1997-07-23
571,571,24,7,1997,1997-07-24
572,572,25,7,1997,1997-07-25
573,573,26,7,1997,1997-07-26
574,574,27,7,1997,1997-07-27
575,575,28,7,1997,1997-07-28
576,576,29,7,1997,1997-07-29
577,577,30,7,1997,1997-07-30
578,578,31,7,1997,1997-07-31
579,579,1,8,1997,1997-08-01
580,580,2,8,1997,1997-08-02
581,581,3,8,1997,1997-08-03
582,582,4,8,1997,1997-08-04
583,583,5,8,1997,1997-08-05
584,584,6,8,1997,1997-08-06
585,585,7,8,1997,1997-08-07
586,586,8,8,1997,1997-08-08
587,587,9,8,1997,1997-08-09
588,588,10,8,1997,1997-08-10
589,589,11,8,1997,1997-08-11
590,590,12,8,1997,1997-08-12
591,591,13,8,1997,1997-08-13
592,592,14,8,1997,1997-08-14
593,593,15,8,1997,1997-08-15
594,594,16,8,1997,1997-08-16
595,595,17,8,1997,1997-08-17
596,596,18,8,1997,1997-08-18
597,597,19,8,1997,1997-08-19
598,598,20,8,1997,1997-08-20
599,599,21,8,1997,1997-08-21
600,600,22,8,1997,1997-08-22
601,601,23,8,1997,1997-08-23
602,602,24,8,1997,1997-08-24
603,603,25,8,1997,1997-08-25
604,604,26,8,1997,1997-08-26
605,605,27,8,1997,1997-08-27
606,606,28,8,1997,1997-08-28
607,607,29,8,1997,1997-08-29
608,608,30,8,1997,1997-08-30
609,609,31,8,1997,1997-08-31
610,610,1,9,1997,1997-09-01
611,611,2,9,1997,1997-09-02
612,612,3,9,1997,1997-09-03
613,613,4,9,1997,1997-09-04
614,614,5,9,1997,1997-09-05
615,615,6,9,1997,1997-09-06
616,616,7,9,1997,1997-09-07
617,617,8,9,1997,1997-09-08
618,618,9,9,1997,1997-09-09
619,619,10,9,1997,1997-09-10
620,620,11,9,1997,1997-09-11
621,621,12,9,1997,1997-09-12
622,622,13,9,1997,1997-09-13
623,623,14,9,1997,1997-09-14
624,624,15,9,1997,1997-09-15
625,625,16,9,1997,1997-09-16
626,626,17,9,1997,1997-09-17
627,627,18,9,1997,1997-09-18
628,628,19,9,1997,1997-09-19
629,629,20,9,1997,1997-09-20
630,630,21,9,1997,1997-09-21
631,631,22,9,1997,1997-09-22
632,632,23,9,1997,1997-09-23
633,633,24,9,1997,1997-09-24
634,634,25,9,1997,1997-09-25
635,635,26,9,1997,1997-09-26
636,636,27,9,1997,1997-09-27
637,637,28,9,1997,1997-09-28
638,638,29,9,1997,1997-09-29
639,639,30,9,1997,1997-09-30
640,640,1,10,1997,1997-10-01
641,641,2,10,1997,1997-10-02
642,642,3,10,1997,1997-10-03
643,643,4,10,1997,1997-10-04
644,644,5,10,1997,1997-10-05
645,645,6,10,1997,1997-10-06
646,646,7,10,1997,1997-10-07
647,647,8,10,1997,1997-10-08
648,648,9,10,1997,1997-10-09
649,649,10,10,1997,1997-10-10
650,650,11,10,1997,1997-10-11
651,651,12,10,1997,1997-10-12
652,652,13,10,1997,1997-10-13
653,653,14,10,1997,1997-10-14
654,654,15,10,1997,1997-10-15
655,655,16,10,1997,1997-10-16
656,656,17,10,1997,1997-10-17
657,657,18,10,1997,1997-10-18
658,658,19,10,1997,1997-10-19
659,659,20,10,1997,1997-10-20
660,660,21,10,1997,1997-10-21
661,661,22,10,1997,1997-10-22
662,662,23,10,1997,1997-10-23
663,663,24,10,1997,1997-10-24
664,664,25,10,1997,1997-10-25
665,665,26,10,1997,1997-10-26
666,666,27,10,1997,1997-10-27
667,667,28,10,1997,1997-10-28
668,668,29,10,1997,1997-10-29
669,669,30,10,1997,1997-10-30
670,670,31,10,1997,1997-10-31
671,671,1,11,1997,1997-11-01
672,672,2,11,1997,1997-11-02
673,673,3,11,1997,1997-11-03
674,674,4,11,1997,1997-11-04
675,675,5,11,1997,1997-11-05
676,676,6,11,1997,1997-11-06
677,677,7,11,1997,1997-11-07
678,678,8,11,1997,1997-11-08
679,679,9,11,1997,1997-11-09
680,680,10,11,1997,1997-11-10
681,681,11,11,1997,1997-11-11
682,682,12,11,1997,1997-11-12
683,683,13,11,1997,1997-11-13
684,684,14,11,1997,1997-11-14
685,685,15,11,1997,1997-11-15
686,686,16,11,1997,1997-11-16
687,687,17,11,1997,1997-11-17
688,688,18,11,1997,1997-11-18
689,689,19,11,1997,1997-11-19
690,690,20,11,1997,1997-11-20
691,691,21,11,1997,1997-11-21
692,692,22,11,1997,1997-11-22
693,693,23,11,1997,1997-11-23
694,694,24,11,1997,1997-11-24
695,695,25,11,1997,1997-11-25
696,696,26,11,1997,1997-11-26
697,697,27,11,1997,1997-11-27
698,698,28,11,1997,1997-11-28
699,699,29,11,1997,1997-11-29
700,700,30,11,1997,1997-11-30
701,701,1,12,1997,1997-12-01
702,702,2,12,1997,1997-12-02
703,703,3,12,1997,1997-12-03
704,704,4,12,1997,1997-12-04
705,705,5,12,1997,1997-12-05
706,706,6,12,1997,1997-12-06
707,707,7,12,1997,1997-12-07
708,708,8,12,1997,1997-12-08
709,709,9,12,1997,1997-12-09
710,710,10,12,1997,1997-12-10
711,711,11,12,1997,1997-12-11
712,712,12,12,1997,1997-12-12
713,713,13,12,1997,1997-12-13
714,714,14,12,1997,1997-12-14
715,715,15,12,1997,1997-12-15
716,716,16,12,1997,1997-12-16
717,717,17,12,1997,1997-12-17
718,718,18,12,1997,1997-12-18
719,719,19,12,1997,1997-12-19
720,720,20,12,1997,1997-12-20
721,721,21,12,1997,1997-12-21
722,722,22,12,1997,1997-12-22
723,723,23,12,1997,1997-12-23
724,724,24,12,1997,1997-12-24
725,725,25,12,1997,1997-12-25
726,726,26,12,1997,1997-12-26
727,727,27,12,1997,1997-12-27
728,728,28,12,1997,1997-12-28
729,729,29,12,1997,1997-12-29
730,730,30,12,1997,1997-12-30
731,731,31,12,1997,1997-12-31
732,732,1,1,1998,1998-01-01
733,733,2,1,1998,1998-01-02
734,734,3,1,1998,1998-01-03
735,735,4,1,1998,1998-01-04
736,736,5,1,1998,1998-01-05
737,737,6,1,1998,1998-01-06
738,738,7,1,1998,1998-01-07
739,739,8,1,1998,1998-01-08
740,740,9,1,1998,1998-01-09
741,741,10,1,1998,1998-01-10
742,742,11,1,1998,1998-01-11
743,743,12,1,1998,1998-01-12
744,744,13,1,1998,1998-01-13
745,745,14,1,1998,1998-01-14
746,746,15,1,1998,1998-01-15
747,747,16,1,1998,1998-01-16
748,748,17,1,1998,1998-01-17
749,749,18,1,1998,1998-01-18
750,750,19,1,1998,1998-01-19
751,751,20,1,1998,1998-01-20
752,752,21,1,1998,1998-01-21
753,753,22,1,1998,1998-01-22
754,754,23,1,1998,1998-01-23
755,755,24,1,1998,1998-01-24
756,756,25,1,1998,1998-01-25
757,757,26,1,1998,1998-01-26
758,758,27,1,1998,1998-01-27
759,759,28,1,1998,1998-01-28
760,760,29,1,1998,1998-01-29
761,761,30,1,1998,1998-01-30
762,762,31,1,1998,1998-01-31
763,763,1,2,1998,1998-02-01
764,764,2,2,1998,1998-02-02
765,765,3,2,1998,1998-02-03
766,766,4,2,1998,1998-02-04
767,767,5,2,1998,1998-02-05
768,768,6,2,1998,1998-02-06
769,769,7,2,1998,1998-02-07
770,770,8,2,1998,1998-02-08
771,771,9,2,1998,1998-02-09
772,772,10,2,1998,1998-02-10
773,773,11,2,1998,1998-02-11
774,774,12,2,1998,1998-02-12
775,775,13,2,1998,1998-02-13
776,776,14,2,1998,1998-02-14
777,777,15,2,1998,1998-02-15
778,778,16,2,1998,1998-02-16
779,779,17,2,1998,1998-02-17
780,780,18,2,1998,1998-02-18
781,781,19,2,1998,1998-02-19
782,782,20,2,1998,1998-02-20
783,783,21,2,1998,1998-02-21
784,784,22,2,1998,1998-02-22
785,785,23,2,1998,1998-02-23
786,786,24,2,1998,1998-02-24
787,787,25,2,1998,1998-02-25
788,788,26,2,1998,1998-02-26
789,789,27,2,1998,1998-02-27
790,790,28,2,1998,1998-02-28
791,791,1,3,1998,1998-03-01
792,792,2,3,1998,1998-03-02
793,793,3,3,1998,1998-03-03
794,794,4,3,1998,1998-03-04
795,795,5,3,1998,1998-03-05
796,796,6,3,1998,1998-03-06
797,797,7,3,1998,1998-03-07
798,798,8,3,1998,1998-03-08
799,799,9,3,1998,1998-03-09
800,800,10,3,1998,1998-03-10
801,801,11,3,1998,1998-03-11
802,802,12,3,1998,1998-03-12
803,803,13,3,1998,1998-03-13
804,804,14,3,1998,1998-03-14
805,805,15,3,1998,1998-03-15
806,806,16,3,1998,1998-03-16
807,807,17,3,1998,1998-03-17
808,808,18,3,1998,1998-03-18
809,809,19,3,1998,1998-03-19
810,810,20,3,1998,1998-03-20
811,811,21,3,1998,1998-03-21
812,812,22,3,1998,1998-03-22
813,813,23,3,1998,1998-03-23
814,814,24,3,1998,1998-03-24
815,815,25,3,1998,1998-03-25
816,816,26,3,1998,1998-03-26
817,817,27,3,1998,1998-03-27
818,818,28,3,1998,1998-03-28
819,819,29,3,1998,1998-03-29
820,820,30,3,1998,1998-03-30
821,821,31,3,1998,1998-03-31
822,822,1,4,1998,1998-04-01
823,823,2,4,1998,1998-04-02
824,824,3,4,1998,1998-04-03
825,825,4,4,1998,1998-04-04
826,826,5,4,1998,1998-04-05
827,827,6,4,1998,1998-04-06
828,828,7,4,1998,1998-04-07
829,829,8,4,1998,1998-04-08
830,830,9,4,1998,1998-04-09
831,831,10,4,1998,1998-04-10
832,832,11,4,1998,1998-04-11
833,833,12,4,1998,1998-04-12
834,834,13,4,1998,1998-04-13
835,835,14,4,1998,1998-04-14
836,836,15,4,1998,1998-04-15
837,837,16,4,1998,1998-04-16
838,838,17,4,1998,1998-04-17
839,839,18,4,1998,1998-04-18
840,840,19,4,1998,1998-04-19
841,841,20,4,1998,1998-04-20
842,842,21,4,1998,1998-04-21
843,843,22,4,1998,1998-04-22
844,844,23,4,1998,1998-04-23
845,845,24,4,1998,1998-04-24
846,846,25,4,1998,1998-04-25
847,847,26,4,1998,1998-04-26
848,848,27,4,1998,1998-04-27
849,849,28,4,1998,1998-04-28
850,850,29,4,1998,1998-04-29
851,851,30,4,1998,1998-04-30
852,852,1,5,1998,1998-05-01
853,853,2,5,1998,1998-05-02
854,854,3,5,1998,1998-05-03
855,855,4,5,1998,1998-05-04
856,856,5,5,1998,1998-05-05
857,857,6,5,1998,1998-05-06
858,858,7,5,1998,1998-05-07
859,859,8,5,1998,1998-05-08
860,860,9,5,1998,1998-05-09
861,861,10,5,1998,1998-05-10
862,862,11,5,1998,1998-05-11
863,863,12,5,1998,1998-05-12
864,864,13,5,1998,1998-05-13
865,865,14,5,1998,1998-05-14
866,866,15,5,1998,1998-05-15
867,867,16,5,1998,1998-05-16
868,868,17,5,1998,1998-05-17
869,869,18,5,1998,1998-05-18
870,870,19,5,1998,1998-05-19
871,871,20,5,1998,1998-05-20
872,872,21,5,1998,1998-05-21
873,873,22,5,1998,1998-05-22
874,874,23,5,1998,1998-05-23
875,875,24,5,1998,1998-05-24
876,876,25,5,1998,1998-05-25
877,877,26,5,1998,1998-05-26
878,878,27,5,1998,1998-05-27
879,879,28,5,1998,1998-05-28
880,880,29,5,1998,1998-05-29
881,881,30,5,1998,1998-05-30
882,882,31,5,1998,1998-05-31
883,883,1,6,1998,1998-06-01
884,884,2,6,1998,1998-06-02
885,885,3,6,1998,1998-06-03
886,886,4,6,1998,1998-06-04
887,887,5,6,1998,1998-06-05
888,888,6,6,1998,1998-06-06
889,889,7,6,1998,1998-06-07
890,890,8,6,1998,1998-06-08
891,891,9,6,1998,1998-06-09
892,892,10,6,1998,1998-06-10
893,893,11,6,1998,1998-06-11
894,894,12,6,1998,1998-06-12
895,895,13,6,1998,1998-06-13
896,896,14,6,1998,1998-06-14
897,897,15,6,1998,1998-06-15
898,898,16,6,1998,1998-06-16
899,899,17,6,1998,1998-06-17
900,900,18,6,1998,1998-06-18
901,901,19,6,1998,1998-06-19
902,902,20,6,1998,1998-06-20
903,903,21,6,1998,1998-06-21
904,904,22,6,1998,1998-06-22
905,905,23,6,1998,1998-06-23
906,906,24,6,1998,1998-06-24
907,907,25,6,1998,1998-06-25
908,908,26,6,1998,1998-06-26
909,909,27,6,1998,1998-06-27
910,910,28,6,1998,1998-06-28
911,911,29,6,1998,1998-06-29
912,912,30,6,1998,1998-06-30
913,913,1,7,1998,1998-07-01
914,914,2,7,1998,1998-07-02
915,915,3,7,1998,1998-07-03
916,916,4,7,1998,1998-07-04
917,917,5,7,1998,1998-07-05
918,918,6,7,1998,1998-07-06
919,919,7,7,1998,1998-07-07
920,920,8,7,1998,1998-07-08
921,921,9,7,1998,1998-07-09
922,922,10,7,1998,1998-07-10
923,923,11,7,1998,1998-07-11
924,924,12,7,1998,1998-07-12
925,925,13,7,1998,1998-07-13
926,926,14,7,1998,1998-07-14
927,927,15,7,1998,1998-07-15
928,928,16,7,1998,1998-07-16
929,929,17,7,1998,1998-07-17
930,930,18,7,1998,1998-07-18
931,931,19,7,1998,1998-07-19
932,932,20,7,1998,1998-07-20
933,933,21,7,1998,1998-07-21
934,934,22,7,1998,1998-07-22
935,935,23,7,1998,1998-07-23
936,936,24,7,1998,1998-07-24
937,937,25,7,1998,1998-07-25
938,938,26,7,1998,1998-07-26
939,939,27,7,1998,1998-07-27
940,940,28,7,1998,1998-07-28
941,941,29,7,1998,1998-07-29
942,942,30,7,1998,1998-07-30
943,943,31,7,1998,1998-07-31
944,944,1,8,1998,1998-08-01
945,945,2,8,1998,1998-08-02
946,946,3,8,1998,1998-08-03
947,947,4,8,1998,1998-08-04
948,948,5,8,1998,1998-08-05
949,949,6,8,1998,1998-08-06
950,950,7,8,1998,1998-08-07
951,951,8,8,1998,1998-08-08
952,952,9,8,1998,1998-08-09
953,953,10,8,1998,1998-08-10
954,954,11,8,1998,1998-08-11
955,955,12,8,1998,1998-08-12
956,956,13,8,1998,1998-08-13
957,957,14,8,1998,1998-08-14
958,958,15,8,1998,1998-08-15
959,959,16,8,1998,1998-08-16
960,960,17,8,1998,1998-08-17
961,961,18,8,1998,1998-08-18
962,962,19,8,1998,1998-08-19
963,963,20,8,1998,1998-08-20
964,964,21,8,1998,1998-08-21
965,965,22,8,1998,1998-08-22
966,966,23,8,1998,1998-08-23
967,967,24,8,1998,1998-08-24
968,968,25,8,1998,1998-08-25
969,969,26,8,1998,1998-08-26
970,970,27,8,1998,1998-08-27
971,971,28,8,1998,1998-08-28
972,972,29,8,1998,1998-08-29
973,973,30,8,1998,1998-08-30
974,974,31,8,1998,1998-08-31
975,975,1,9,1998,1998-09-01
976,976,2,9,1998,1998-09-02
977,977,3,9,1998,1998-09-03
978,978,4,9,1998,1998-09-04
979,979,5,9,1998,1998-09-05
980,980,6,9,1998,1998-09-06
981,981,7,9,1998,1998-09-07
982,982,8,9,1998,1998-09-08
983,983,9,9,1998,1998-09-09
984,984,10,9,1998,1998-09-10
985,985,11,9,1998,1998-09-11
986,986,12,9,1998,1998-09-12
987,987,13,9,1998,1998-09-13
988,988,14,9,1998,1998-09-14
989,989,15,9,1998,1998-09-15
990,990,16,9,1998,1998-09-16
991,991,17,9,1998,1998-09-17
992,992,18,9,1998,1998-09-18
993,993,19,9,1998,1998-09-19
994,994,20,9,1998,1998-09-20
995,995,21,9,1998,1998-09-21
996,996,22,9,1998,1998-09-22
997,997,23,9,1998,1998-09-23
998,998,24,9,1998,1998-09-24
999,999,25,9,1998,1998-09-25
1000,1000,26,9,1998,1998-09-26
1001,1001,27,9,1998,1998-09-27
1002,1002,28,9,1998,1998-09-28
1003,1003,29,9,1998,1998-09-29
1004,1004,30,9,1998,1998-09-30
1005,1005,1,10,1998,1998-10-01
1006,1006,2,10,1998,1998-10-02
1007,1007,3,10,1998,1998-10-03
1008,1008,4,10,1998,1998-10-04
1009,1009,5,10,1998,1998-10-05
1010,1010,6,10,1998,1998-10-06
1011,1011,7,10,1998,1998-10-07
1012,1012,8,10,1998,1998-10-08
1013,1013,9,10,1998,1998-10-09
1014,1014,10,10,1998,1998-10-10
1015,1015,11,10,1998,1998-10-11
1016,1016,12,10,1998,1998-10-12
1017,1017,13,10,1998,1998-10-13
1018,1018,14,10,1998,1998-10-14
1019,1019,15,10,1998,1998-10-15
1020,1020,16,10,1998,1998-10-16
1021,1021,17,10,1998,1998-10-17
1022,1022,18,10,1998,1998-10-18
1023,1023,19,10,1998,1998-10-19
1024,1024,20,10,1998,1998-10-20
1025,1025,21,10,1998,1998-10-21
1026,1026,22,10,1998,1998-10-22
1027,1027,23,10,1998,1998-10-23
1028,1028,24,10,1998,1998-10-24
1029,1029,25,10,1998,1998-10-25
1030,1030,26,10,1998,1998-10-26
1031,1031,27,10,1998,1998-10-27
1032,1032,28,10,1998,1998-10-28
1033,1033,29,10,1998,1998-10-29
1034,1034,30,10,1998,1998-10-30
1035,1035,31,10,1998,1998-10-31
1036,1036,1,11,1998,1998-11-01
1037,1037,2,11,1998,1998-11-02
1038,1038,3,11,1998,1998-11-03
1039,1039,4,11,1998,1998-11-04
1040,1040,5,11,1998,1998-11-05
1041,1041,6,11,1998,1998-11-06
1042,1042,7,11,1998,1998-11-07
1043,1043,8,11,1998,1998-11-08
1044,1044,9,11,1998,1998-11-09
1045,1045,10,11,1998,1998-11-10
1046,1046,11,11,1998,1998-11-11
1047,1047,12,11,1998,1998-11-12
1048,1048,13,11,1998,1998-11-13
1049,1049,14,11,1998,1998-11-14
1050,1050,15,11,1998,1998-11-15
1051,1051,16,11,1998,1998-11-16
1052,1052,17,11,1998,1998-11-17
1053,1053,18,11,1998,1998-11-18
1054,1054,19,11,1998,1998-11-19
1055,1055,20,11,1998,1998-11-20
1056,1056,21,11,1998,1998-11-21
1057,1057,22,11,1998,1998-11-22
1058,1058,23,11,1998,1998-11-23
1059,1059,24,11,1998,1998-11-24
1060,1060,25,11,1998,1998-11-25
1061,1061,26,11,1998,1998-11-26
1062,1062,27,11,1998,1998-11-27
1063,1063,28,11,1998,1998-11-28
1064,1064,29,11,1998,1998-11-29
1065,1065,30,11,1998,1998-11-30
1066,1066,1,12,1998,1998-12-01
1067,1067,2,12,1998,1998-12-02
1068,1068,3,12,1998,1998-12-03
1069,1069,4,12,1998,1998-12-04
1070,1070,5,12,1998,1998-12-05
1071,1071,6,12,1998,1998-12-06
1072,1072,7,12,1998,1998-12-07
1073,1073,8,12,1998,1998-12-08
1074,1074,9,12,1998,1998-12-09
1075,1075,10,12,1998,1998-12-10
1076,1076,11,12,1998,1998-12-11
1077,1077,12,12,1998,1998-12-12
1078,1078,13,12,1998,1998-12-13
1079,1079,14,12,1998,1998-12-14
1080,1080,15,12,1998,1998-12-15
1081,1081,16,12,1998,1998-12-16
1082,1082,17,12,1998,1998-12-17
1083,1083,18,12,1998,1998-12-18
1084,1084,19,12,1998,1998-12-19
1085,1085,20,12,1998,1998-12-20
1086,1086,21,12,1998,1998-12-21
1087,1087,22,12,1998,1998-12-22
1088,1088,23,12,1998,1998-12-23
1089,1089,24,12,1998,1998-12-24
1090,1090,25,12,1998,1998-12-25
1091,1091,26,12,1998,1998-12-26
1092,1092,27,12,1998,1998-12-27
1093,1093,28,12,1998,1998-12-28
1094,1094,29,12,1998,1998-12-29
1095,1095,30,12,1998,1998-12-30
1096,1096,31,12,1998,1998-12-31
