90,186,5,11,12,21.00
90,186,5,42,10,14.00
90,186,5,72,5,34.80
81,187,6,14,9,23.25
81,187,6,51,40,53.00
34,190,4,41,10,9.65
34,190,4,51,35,53.00
34,190,4,65,15,21.05
84,190,3,22,6,21.00
84,190,3,57,15,19.50
84,190,3,65,20,21.05
76,191,4,20,40,81.00
76,191,4,33,25,2.50
76,191,4,60,40,34.00
34,192,3,31,20,12.50
34,192,3,39,42,18.00
34,192,3,49,40,20.00
14,193,5,24,15,4.50
14,193,5,55,21,24.00
14,193,5,74,21,10.00
68,194,9,2,20,19.00
68,194,9,16,35,17.45
68,194,9,36,25,19.00
68,194,9,59,30,55.00
88,197,3,53,15,32.80
88,197,3,77,12,13.00
35,198,4,27,25,43.90
35,198,4,39,6,18.00
35,198,4,77,15,13.00
20,199,1,2,50,19.00
20,199,1,5,65,21.35
20,199,1,32,6,32.00
13,200,4,21,10,10.00
13,200,4,37,1,26.00
55,201,4,41,16,9.65
55,201,4,57,50,19.50
55,201,4,62,15,49.30
55,201,4,70,21,15.00
61,201,4,21,20,10.00
61,201,4,35,20,18.00
65,204,8,5,12,21.35
65,204,8,7,15,30.00
65,204,8,56,2,38.00
20,205,9,16,60,17.45
20,205,9,24,28,4.50
20,205,9,30,60,25.89
20,205,9,74,36,10.00
24,206,6,2,35,19.00
24,206,6,41,25,9.65
7,207,2,17,30,39.00
7,207,2,70,20,15.00
87,208,3,12,12,38.00
25,211,4,40,50,18.40
25,211,4,59,70,55.00
25,211,4,76,15,18.00
33,212,8,29,10,123.79
33,212,8,72,4,34.80
89,213,5,33,60,2.50
89,213,5,72,20,34.80
87,214,1,36,30,19.00
87,214,1,43,25,46.00
75,214,6,33,24,2.50
65,215,6,20,6,81.00
65,215,6,31,40,12.50
65,215,6,72,24,34.80
63,218,3,10,24,31.00
63,218,3,31,15,12.50
63,218,3,33,20,2.50
63,218,3,40,60,18.40
63,218,3,76,33,18.00
85,219,6,71,20,21.50
85,219,6,72,7,34.80
49,220,1,24,12,4.50
49,220,1,59,6,55.00
80,221,8,10,15,31.00
80,221,8,13,10,6.00
52,222,2,28,20,45.60
52,222,2,62,12,49.30
5,225,8,44,16,19.45
5,225,8,59,15,55.00
5,225,8,63,8,43.90
5,225,8,73,25,15.00
44,226,8,17,15,39.00
5,227,2,24,12,4.50
5,227,2,55,20,24.00
5,227,2,75,30,7.75
69,227,4,19,1,9.20
69,227,4,24,6,4.50
69,227,4,35,4,18.00
69,228,4,30,6,25.89
69,228,4,57,2,19.50
46,229,3,15,20,15.50
46,229,3,19,18,9.20
46,229,3,60,35,34.00
46,229,3,72,3,34.80
44,232,4,27,15,43.90
44,232,4,44,21,19.45
44,232,4,60,20,34.00
44,232,4,67,5,14.00
63,233,1,1,45,18.00
63,233,1,40,40,18.40
63,233,1,53,36,32.80
63,234,8,35,100,18.00
63,234,8,62,40,49.30
67,235,8,16,40,17.45
67,235,8,34,20,14.00
67,235,8,46,15,12.00
66,236,4,54,10,7.45
66,236,4,68,3,12.50
11,239,7,3,30,10.00
11,239,7,64,9,33.25
15,240,8,5,20,21.35
15,240,8,29,15,123.79
15,240,8,49,15,20.00
15,240,8,77,10,13.00
61,240,6,13,20,6.00
61,240,6,44,24,19.45
61,240,6,51,2,53.00
81,241,1,20,20,81.00
80,242,1,18,12,62.50
80,242,1,24,10,4.50
80,242,1,63,5,43.90
80,242,1,75,6,7.75
65,243,4,1,18,18.00
65,243,4,17,15,39.00
65,243,4,43,15,46.00
65,243,4,60,21,34.00
65,243,4,75,6,7.75
85,246,2,56,4,38.00
46,247,6,11,12,21.00
46,247,6,16,30,17.45
46,247,6,69,15,36.00
7,248,5,39,60,18.00
7,248,5,72,20,34.80
37,249,6,2,40,19.00
37,249,6,36,40,19.00
37,249,6,59,30,55.00
37,249,6,62,15,49.30
67,250,4,19,15,9.20
67,250,4,70,20,15.00
49,253,2,66,30,17.00
49,253,2,68,20,12.50
86,253,8,40,10,18.40
86,253,8,56,20,38.00
76,254,4,17,40,39.00
76,254,4,28,28,45.60
76,254,4,43,12,46.00
30,255,7,40,40,18.40
30,255,7,65,30,21.05
30,255,7,68,15,12.50
80,256,1,49,30,20.00
80,256,1,59,10,55.00
80,256,1,71,2,21.50
55,257,8,18,25,62.50
55,257,8,29,25,123.79
55,257,8,39,30,18.00
69,260,1,30,10,25.89
69,260,1,53,10,32.80
69,260,1,54,5,7.45
48,261,2,62,10,49.30
48,261,2,68,3,12.50
2,262,7,69,1,36.00
2,262,7,70,5,15.00
37,263,3,4,20,22.00
37,263,3,6,30,25.00
37,263,3,42,2,14.00
37,263,3,43,20,46.00
37,263,3,71,3,21.50
77,264,8,16,10,17.45
77,264,8,62,5,49.30
18,264,1,42,6,14.00
18,264,1,69,7,36.00
86,267,2,28,4,45.60
86,267,2,43,24,46.00
86,267,2,53,20,32.80
86,267,2,75,10,7.75
63,268,2,36,12,19.00
65,269,1,32,40,32.00
65,269,1,58,30,13.25
65,269,1,62,25,49.30
38,270,4,34,14,14.00
38,270,4,70,30,15.00
65,271,1,41,10,9.65
65,271,1,62,70,49.30
48,274,6,1,20,18.00
38,275,8,41,20,9.65
38,275,8,76,6,18.00
80,276,7,17,8,39.00
80,276,7,28,14,45.60
80,276,7,76,30,18.00
87,277,5,71,30,21.50
38,277,3,35,10,18.00
58,278,7,52,20,7.00
39,281,4,15,5,15.50
39,281,4,25,4,14.00
39,281,4,39,4,18.00
71,282,9,16,21,17.45
71,282,9,35,70,18.00
71,282,9,46,30,12.00
71,282,9,59,40,55.00
71,282,9,63,80,43.90
39,283,1,6,6,25.00
39,283,1,13,12,6.00
39,283,1,14,9,23.25
39,283,1,31,4,12.50
39,283,1,72,40,34.80
8,284,4,4,24,22.00
8,284,4,57,16,19.50
8,284,4,75,50,7.75
24,285,2,2,25,19.00
24,285,2,11,50,21.00
24,285,2,30,35,25.89
24,285,2,58,30,13.25
28,288,4,59,9,55.00
28,288,4,65,40,21.05
28,288,4,68,10,12.50
75,289,4,19,10,9.20
75,289,4,30,8,25.89
75,289,4,38,20,263.50
75,289,4,56,12,38.00
46,290,3,26,50,31.23
46,290,3,72,25,34.80
9,290,9,54,15,7.45
51,291,3,18,40,62.50
51,291,3,42,10,14.00
51,291,3,47,16,9.50
87,292,5,14,10,23.25
87,292,5,21,10,10.00
87,292,5,71,40,21.50
84,295,8,52,8,7.00
84,295,8,68,10,12.50
37,296,7,2,7,19.00
37,296,7,31,25,12.50
37,296,7,32,6,32.00
37,296,7,51,48,53.00
60,297,7,4,18,22.00
25,298,4,23,40,9.00
25,298,4,26,24,31.23
25,298,4,36,20,19.00
25,298,4,37,28,26.00
25,298,4,72,25,34.80
55,299,4,17,20,39.00
55,299,4,30,15,25.89
51,302,2,4,10,22.00
51,302,2,17,70,39.00
51,302,2,62,28,49.30
9,303,1,18,20,62.50
9,303,1,41,12,9.65
9,303,1,43,40,46.00
73,303,7,33,8,2.50
73,303,7,59,9,55.00
25,304,4,2,24,19.00
25,304,4,31,56,12.50
25,304,4,36,40,19.00
25,304,4,55,40,24.00
44,305,4,64,50,33.25
44,305,4,68,4,12.50
44,305,4,76,15,18.00
89,306,4,4,35,22.00
89,306,4,8,70,40.00
63,309,2,8,70,40.00
63,309,2,19,80,9.20
63,309,2,42,9,14.00
65,310,3,17,36,39.00
65,310,3,56,20,38.00
21,311,4,25,10,14.00
21,311,4,39,50,18.00
21,311,4,40,4,18.40
21,311,4,75,6,7.75
86,312,4,1,15,18.00
86,312,4,23,25,9.00
75,313,7,54,24,7.45
41,316,6,50,15,16.25
41,316,6,69,18,36.00
20,316,1,38,20,263.50
20,316,1,41,13,9.65
20,316,1,44,77,19.45
20,316,1,65,10,21.05
28,317,3,24,10,4.50
28,317,3,54,20,7.45
59,318,7,11,12,21.00
59,318,7,38,50,263.50
58,319,8,1,12,18.00
58,319,8,29,4,123.79
4,320,6,24,25,4.50
4,320,6,57,25,19.50
86,323,6,31,30,12.50
86,323,6,55,12,24.00
86,323,6,69,20,36.00
46,324,1,10,30,31.00
46,324,1,26,16,31.23
46,324,1,60,8,34.00
41,325,5,24,10,4.50
41,325,5,34,10,14.00
41,325,5,36,20,19.00
72,326,5,16,56,17.45
72,326,5,31,70,12.50
72,326,5,60,80,34.00
7,327,4,28,30,45.60
7,327,4,29,35,123.79
7,327,4,38,10,263.50
7,327,4,49,35,20.00
7,327,4,54,28,7.45
63,327,1,39,54,18.00
63,327,1,60,55,34.00
9,330,3,25,50,14.00
9,330,3,51,20,53.00
9,330,3,54,24,7.45
17,331,4,31,20,12.50
17,331,4,75,12,7.75
17,331,4,76,12,18.00
19,331,1,69,30,36.00
19,331,1,71,5,21.50
3,332,3,11,24,21.00
29,333,8,65,5,21.05
29,333,8,77,5,13.00
83,333,7,34,36,14.00
83,333,7,54,18,7.45
83,333,7,65,15,21.05
83,333,7,77,7,13.00
20,334,2,21,5,10.00
20,334,2,28,13,45.60
20,334,2,57,25,19.50
20,334,2,64,35,33.25
75,337,8,29,20,123.79
75,337,8,56,18,38.00
14,338,6,1,15,18.00
14,338,6,64,30,33.25
14,338,6,74,20,10.00
41,338,1,36,6,19.00
62,339,5,20,12,81.00
62,339,5,38,40,263.50
62,339,5,60,70,34.00
62,339,5,72,42,34.80
37,340,4,58,80,13.25
37,340,4,71,50,21.50
91,340,1,31,30,12.50
91,340,1,58,15,13.25
36,341,3,14,15,23.25
36,341,3,54,10,7.45
51,344,1,31,42,12.50
72,344,1,28,20,45.60
72,344,1,39,20,18.00
24,345,5,71,6,21.50
61,346,2,41,8,9.65
61,346,2,63,16,43.90
61,346,2,65,20,21.05
37,347,8,30,18,25.89
37,347,8,53,20,32.80
37,347,8,60,6,34.00
37,347,8,70,30,15.00
46,347,3,74,14,10.00
20,348,4,5,32,21.35
20,348,4,18,9,62.50
20,348,4,29,14,123.79
20,348,4,33,60,2.50
20,348,4,74,50,10.00
4,351,8,13,20,6.00
4,351,8,50,15,16.25
4,351,8,56,20,38.00
5,351,3,20,28,81.00
5,351,3,60,15,34.00
75,352,1,7,10,30.00
75,352,1,60,20,34.00
75,352,1,68,8,12.50
21,353,9,24,15,4.50
21,353,9,34,10,14.00
70,353,1,24,15,4.50
70,353,1,28,6,45.60
70,353,1,59,12,55.00
70,353,1,71,15,21.50
72,354,2,45,15,9.50
72,354,2,52,20,7.00
72,354,2,53,40,32.80
10,355,4,10,16,31.00
10,355,4,55,15,24.00
10,355,4,62,20,49.30
10,355,4,70,30,15.00
20,358,6,31,60,12.50
20,358,6,35,40,18.00
20,358,6,46,45,12.00
20,358,6,72,24,34.80
17,358,3,13,18,6.00
59,359,2,69,50,36.00
71,360,1,2,25,19.00
71,360,1,14,42,23.25
71,360,1,25,7,14.00
71,360,1,26,70,31.23
71,360,1,31,32,12.50
36,360,1,13,10,6.00
36,360,1,62,10,49.30
35,361,6,46,28,12.00
35,361,6,53,70,32.80
35,361,6,69,8,36.00
25,362,1,23,40,9.00
25,362,1,71,60,21.50
25,362,1,72,21,34.80
60,362,5,21,10,10.00
60,362,5,51,18,53.00
71,365,2,35,30,18.00
71,365,2,55,120,24.00
83,366,8,68,60,12.50
83,366,8,71,30,21.50
83,366,8,76,35,18.00
83,366,8,77,14,13.00
19,367,1,29,21,123.79
19,367,1,35,35,18.00
19,367,1,49,30,20.00
65,367,1,30,18,25.89
65,367,1,56,70,38.00
65,367,1,65,20,21.05
65,367,1,71,60,21.50
20,368,8,23,60,9.00
20,368,8,63,65,43.90
20,369,4,16,21,17.45
20,369,4,48,70,12.75
49,369,2,26,30,31.23
49,369,2,42,40,14.00
49,369,2,49,30,20.00
47,372,1,3,50,10.00
62,373,7,1,10,18.00
62,373,7,21,30,10.00
62,373,7,28,42,45.60
62,373,7,36,5,19.00
62,373,7,40,2,18.40
56,373,2,11,30,21.00
56,373,2,69,15,36.00
56,373,2,71,15,21.50
23,374,8,37,10,26.00
23,374,8,54,6,7.45
23,374,8,62,35,49.30
54,375,3,14,12,23.25
54,375,3,21,12,10.00
10,376,3,33,49,2.50
10,376,3,59,16,55.00
10,376,9,41,25,9.65
10,376,9,44,40,19.45
10,376,9,59,9,55.00
87,379,8,14,20,23.25
41,380,3,1,24,18.00
41,380,3,62,40,49.30
41,380,3,76,14,18.00
21,380,2,19,18,9.20
21,380,2,33,50,2.50
36,381,3,17,2,39.00
36,381,3,33,20,2.50
87,382,8,19,20,9.20
87,382,8,53,10,32.80
87,382,8,57,20,19.50
73,382,4,38,50,263.50
73,382,4,46,2,12.00
73,382,4,68,36,12.50
73,382,4,77,35,13.00
63,383,4,2,60,19.00
63,383,4,47,55,9.50
63,383,4,61,16,28.50
63,383,4,74,15,10.00
68,386,4,60,60,34.00
68,386,4,69,20,36.00
88,387,3,9,20,97.00
88,387,3,13,2,6.00
88,387,3,70,8,15.00
88,387,3,73,20,15.00
61,387,8,19,4,9.20
61,387,8,26,30,31.23
61,387,8,53,15,32.80
61,387,8,77,10,13.00
27,388,2,26,2,31.23
31,389,6,31,14,12.50
31,389,6,59,20,55.00
51,389,7,35,60,18.00
51,389,7,38,49,263.50
51,389,7,68,30,12.50
41,390,6,55,10,24.00
41,390,6,76,20,18.00
29,393,4,56,5,38.00
29,393,4,64,7,33.25
59,393,4,14,35,23.25
66,394,7,46,20,12.00
37,395,3,50,40,16.25
37,395,3,63,35,43.90
20,396,4,17,45,39.00
20,396,4,21,50,10.00
20,396,4,56,30,38.00
20,396,4,59,70,55.00
10,396,4,17,50,39.00
10,396,4,40,50,18.40
10,396,4,47,30,9.50
75,397,3,26,10,31.23
75,397,3,54,40,7.45
60,400,3,56,28,38.00
24,400,3,11,6,21.00
24,400,3,76,18,18.00
16,401,8,2,10,19.00
16,401,8,22,12,21.00
16,401,8,72,10,34.80
7,402,3,46,5,12.00
7,402,3,56,40,38.00
7,402,3,64,30,33.25
7,402,3,75,24,7.75
87,402,8,53,15,32.80
79,403,3,19,15,9.20
79,403,3,34,20,14.00
79,403,3,57,15,19.50
51,404,6,12,15,38.00
51,404,6,16,16,17.45
51,404,6,64,6,33.25
51,404,6,74,30,10.00
71,407,4,2,45,19.00
71,407,4,16,49,17.45
71,407,4,29,24,123.79
71,407,4,61,90,28.50
55,407,3,27,50,43.90
20,408,3,11,30,21.00
20,408,3,54,80,7.45
20,408,3,66,60,17.00
66,409,8,11,6,21.00
66,409,8,28,12,45.60
